 49         3.25
 15         3.36
 31         3.54
 26         4.57
  5         4.57
 13         4.67
 14         5.23
 48         5.68
 43         5.73
 41         6.20
 23         6.30
  7         6.73
 11         6.78
 36         7.11
 50         7.60
 40         8.08
  8         8.18
 18         8.58
 46         9.17
  4         9.91
 38         9.96
 37        10.02
 42        10.23
 39        10.33
 44        10.44
  9        10.55
 19        10.68
 12        10.96
 32        10.99
 17        11.26
 28        12.52
 21        13.12
 16        13.12
 25        13.48
 33        13.83
 35        14.15
 22        14.24
  2        14.53
 27        15.09
 20        15.26
  1        15.26
 34        16.72
 45        17.53
 29        18.32
  6        18.47
 47        20.54
  3        20.56
 30        23.41
 10        27.77
 24        31.72
